4 0,1
5 2,3
7 1,2
9 3,4
8 1,2
10 2,3
1 1,2
10 3,4
2 0,1
10 4,5
3 2,3
10 2,3
3 3,4
1 2,3
10 4,5
2 1,2
10 3,4
3 4,5
1 0,1
10 4,5
8 0,1
3 3,4
9 2,3
7 2,3
3 4,5
5 3,4
4 1,2
3 3,4
1 2,3
6 0,1,2
4 0,1
5 2,3
7 1,2
9 4,5
11 3,4
13 1,2
11 4,5
9 2,3
7 2,3
5 3,4
6 1,2,3
3 4,5
5 2,3
2 2,3
7 1,2
9 3,4
8 1,2
10 2,3
1 1,2
10 3,4
13 0,1
1 2,3
2 0,1
10 2,3
3 2,3
13 1,2
10 4,5
3 3,4
10 3,4
2 1,2
3 4,5
1 0,1
10 4,5
3 3,4
1 1,2
10 2,3
13 0,1
10 3,4
6 0,1,2
9 4,5
11 2,3
13 4,5
11 4,5
10 4,5
9 3,4
10 2,3
1 2,3
9 4,5
11 3,4
10 3,4
13 0,1
2 0,1
11 4,5
9 3,4
10 2,3
13 1,2
9 4,5
10 4,5
11 3,4
13 4,5
11 4,5
10 3,4
9 3,4
3 2,3
10 4,5
8 0,1
9 4,5
11 3,4
13 1,2
11 4,5
9 2,3
7 2,3
5 3,4
6 1,2,3
4 1,2
3 4,5
2 2,3
1 0,1
4 0,1
1 1,2
2 0,1
5 2,3
3 2,3
7 0,1
9 3,4
1 3,4
8 1,2
10 2,3
1 1,2
10 3,4
1 2,3
13 0,1
1 3,4
6 0,1,2
9 4,5
11 3,4
13 4,5
11 4,5
10 4,5
9 3,4
10 2,3
6 1,2,3
10 3,4
1 0,1
10 4,5
1 2,3
8 0,1
1 3,4
9 2,3
6 0,1,2
1 0,1
9 4,5
11 2,3
13 1,2
11 4,5
1 3,4
11 3,4
13 4,5
1 1,2
13 2,3
11 2,3
13 3,4
12 1,2
13 4,5
11 4,5
1 3,4
11 3,4
13 1,2
11 4,5
9 2,3
6 3,4,5
1 4,5
